# Created by Octave 5.1.0, Fri Mar 01 10:11:26 2019 GMT <unknown@WorkBot>
# name: Shut
# type: matrix
# rows: 13
# columns: 1
 152.40
 228.60
 304.80
 381
 457.2
 533.4
 609.60
 685.8
 762
 838.20
 914.4
 990.60
 1066.8

# name: Fsc_415
# type: matrix
# rows: 6
# columns: 2
0.00144 288.7
0.00163 306.7
0.00192 324.8
0.00241 342.8
0.00276 351.8
0.00380 360.9

# name: Fsc_500
# type: matrix
# rows: 6
# columns: 2
0.00174 347.8
0.00195 369.6
0.00226 391.3
0.00277 413.0
0.00312 423.9
0.00417 434.8

# name: Maximum_Shear_Stress
# type: matrix
# rows: 6
# columns: 2
 15 2.5
 20 2.8
 25 3.1
 30 3.5
 35 3.7
 40 4

 
# name: Design_Shear_Strength
# type: matrix
# rows: 14
# columns: 7
0 15 20 25 30 35 40
0.15 0.28 0.28 0.29 0.29 0.29 0.30
0.25 0.35 0.36 0.36 0.37 0.37 0.38
0.50 0.46 0.48 0.49 0.50 0.50 0.51
0.75 0.54 0.56 0.57 0.59 0.59 0.60
1.00 0.60 0.62 0.64 0.66 0.67 0.68
1.25 0.64 0.66 0.70 0.71 0.73 0.74
1.50 0.68 0.72 0.74 0.76 0.78 0.79
1.75 0.71 0.75 0.78 0.80 0.82 0.84
2.00 0.71 0.79 0.82 0.84 0.86 0.88
2.25 0.71 0.81 0.85 0.88 0.90 0.92
2.50 0.71 0.82 0.88 0.91 0.93 0.95
2.75 0.71 0.82 0.90 0.94 0.96 0.98
3.00 0.71 0.82 0.92 0.96 0.99 1.01

# name: Design_Shear_Strength_1
# type: matrix
# rows: 13
# columns: 7
0.15 0.28 0.28 0.29 0.29 0.29 0.30
0.25 0.35 0.36 0.36 0.37 0.37 0.38
0.50 0.46 0.48 0.49 0.50 0.50 0.51
0.75 0.54 0.56 0.57 0.59 0.59 0.60
1.00 0.60 0.62 0.64 0.66 0.67 0.68
1.25 0.64 0.66 0.70 0.71 0.73 0.74
1.50 0.68 0.72 0.74 0.76 0.78 0.79
1.75 0.71 0.75 0.78 0.80 0.82 0.84
2.00 0.71 0.79 0.82 0.84 0.86 0.88
2.25 0.71 0.81 0.85 0.88 0.90 0.92
2.50 0.71 0.82 0.88 0.91 0.93 0.95
2.75 0.71 0.82 0.90 0.94 0.96 0.98
3.00 0.71 0.82 0.92 0.96 0.99 1.01

# name: Design_Shear_Strength_2
# type: matrix
# rows: 6
# columns: 3
15 0.28 0.71
20 0.28 0.82
25 0.29 0.92
30 0.29 0.96
35 0.29 0.99
40 0.30 1.01

%% Design bond stress in limit state method for plain bars in tension 
# name: Tbd_1
# type: matrix
# rows: 5
# columns: 2
20 1.2
25 1.4
30 1.5
35 1.7
40 1.9



# name: Modification_Factor_2
# type: matrix
# rows: 18
# columns:2
0.0 1.00
0.2 1.06
0.3 1.09
0.4 1.12
0.5 1.14
0.6 1.16
0.8 1.21
1.0 1.25
1.2 1.28
1.4 1.31
1.6 1.34
1.8 1.36
2.0 1.39
2.2 1.41
2.4 1.44
2.6 1.46
2.8 1.48
3.0 1.5

%% Clear cover Program
#name: Cc_Data
#type: scalar
20

%% Anchorage bar dia Program
#name: dia_4Data
#type: scalar
12

%% Shear reinforcement dia
#name: dia_3Data
#type: scalar
8

# name: Sigma_cbc
# type: matrix
# rows: 9
# columns: 2
10 3
15 5
20 7
25 8.5
30 10
35 11.5
40 13
45 14.5
50 16
